5*3
m=5*3
m=m+1
y=m/2
k=5+1;